# figure2_Iq_stub
# rough starter extraction from Figure 2
# columns: q_Ainv  I_calc_stub_cm-1  I_100pct_D2O_stub_cm-1  I_8pct_D2O_stub_cm-1  notes
0.0035  0.16    3.60       aggregate-dominated low-q red point
0.0040  0.16    2.90
0.0045  0.16    2.10
0.0050  0.16    1.50
0.0060  0.16    1.00
0.0070  0.16    0.72
0.0080  0.16    0.55
0.0090  0.16    0.42
0.0100  0.16    0.34
0.0120  0.16    0.28
0.0150  0.16    0.22
0.0200  0.15    0.18       near aggregate/tetramer boundary
0.0250  0.145   0.16       0.14
0.0300  0.140   0.15       0.13
0.0350  0.132   0.14       0.125
0.0400  0.122   0.13       0.12
0.0500  0.100   0.10       0.10
0.0600  0.075   0.075      0.078
0.0700  0.055   0.055      0.060
0.0800  0.035   0.035      0.040
0.0900  0.020   0.018      0.022
0.1000  0.012   0.011      0.013
0.1100  0.0075  0.007      0.0085
0.1200  0.0052  0.005      0.0060
0.1300  0.0038  0.0038     0.0043
0.1400  0.0030  0.0030     0.0033
0.1500  0.0028  0.0028     0.0030      small shoulder near 0.15 A^-1
0.1700  0.0026  0.0026     0.0028
0.1900  0.0022  0.0022     0.0024
0.2100  0.0015  0.0015     0.0016
0.2300  0.0010  0.0010     0.0011
0.2500  0.00075 0.00075    0.00080
0.2700  0.00062 0.00062    0.00068
0.3000  0.00055 0.00055               high-q tail
